0.3025 -0.3691 0.6468 0.2764 -0.823 -1.0978 -0.5906 -0.5376 0.525 0.8596 0.429 -0.8807 -0.2918 8.859 0.2016 5.2879 0.2803 -2.1522 0.785 -1.1219 
-16.4753 -0.0592 -2.6209 3.1037 0.5194 29.9538 -1.1504 17.867 -29.0375 1.0278 1.6425 0.1967 -1.1348 -2.9651 -3.5646 0.5625 -0.9996 -0.1925 -0.4857 0.2537 
0.3601 2.14 65.5146 0.609 0.4462 1.7666 1.1428 13.9793 -0.3834 -1.8889 -1.6135 0.1078 -16.9661 7.8954 -0.1219 -2.8416 0.9179 0.0055 -1.4495 -1.4478 
-4.4066 2.7671 -0.2392 -0.9214 1.0186 -1.1848 5.3289 -0.5335 -0.4776 0.8418 0.8511 -3.468 -0.1288 2.6961 0.3842 -0.2481 0.3093 0.4472 4.3869 -1.6421 
1.6775 -0.0424 0.4013 1.0459 -1.8784 1.389 -1.0887 -1.0336 2.0424 2.9532 8.2324 0.229 0.6705 -1.3794 0.6904 -3.185 -1.7176 -1.0763 -6.2298 1.0421 
1.4448 0.78 -1.4879 -0.3525 -0.7802 -0.1723 -0.3869 -580.539 0.2791 -0.3786 0.4187 -0.9247 0.0424 -1.8911 1.0255 -0.6867 0.6606 0.4003 0.1892 0.6414 
0.8741 -0.3177 -1.0893 0.8074 0.2126 0.6833 -0.2838 3.4035 -4.4482 1.9971 6.844 0.5023 -1.1316 0.2298 -1.4147 -0.4453 -1.5276 0.5648 0.7304 -0.2832 
-2.3236 -2.3926 0.2329 -0.0619 -2.5048 -25.4903 0.7356 -0.3954 0.8619 -0.2811 -1.552 -0.522 -2.4263 -2.252 1.9116 0.0593 -0.8721 0.7753 -0.581 -0.516 
0.1339 -2.0276 -1.3257 -0.35 -4.6816 -0.1289 -1.7579 -0.0555 0.5511 2.2282 -1.2427 0.6233 4.1992 1.0627 -3.2319 -0.8429 2.3081 -1.1494 2.005 -0.3455 
1.6313 -2.507 5.0287 -0.6123 -1.03 -0.8358 -0.4679 -19.3071 0.4384 -1.1607 -0.1255 -0.8277 -0.5381 0.4374 -1.0471 0.9346 5.1489 1.5346 244.052 -5.0355 
